
Handles  NPM(K)    PM(K)      WS(K)     CPU(s)     Id  SI ProcessName                                                  
-------  ------    -----      -----     ------     --  -- -----------                                                  
    152      10     2740       9064       0.20   7752   0 AggregatorHost                                               
   1016      69   438736     112692      48.27   4260   0 ASDSvc                                                       
    326      12     7552      17480       0.25   9880   0 audiodg                                                      
    470      35    16540      52856       1.31   9052   2 backgroundTaskHost                                           
    335      28    18164      50284       0.30  15040   2 backgroundTaskHost                                           
     89       7     4668       7024       0.11  13804   2 cmd                                                          
     98       8     1280       7408       0.02  14032   2 conhost                                                      
     98       8     1296       7424       0.00  14084   2 conhost                                                      
    148      10     1624      10236       0.03  18040   2 conhost                                                      
    551      31    45512      64068       0.33  13344   2 CrossDeviceResume                                            
    721      60    20824      80460       1.33   2504   2 CrossDeviceService                                           
    746      30     3164       6512       1.41   1240   0 csrss                                                        
    592      26     3476       8192       0.75  14204   2 csrss                                                        
    513      24    32424      60480       0.31   9756   2 ctfmon                                                       
    744      39   210848     128836       2.27   6356   2 Discord                                                      
   1025      96   350072     440616       5.95   7576   2 Discord                                                      
    378      24    17192      61296       0.48  10136   2 Discord                                                      
    199      13    10812      37472       0.02  12724   2 Discord                                                      
    305      17    11896      91320       0.31  12904   2 Discord                                                      
   1047      48   121612     159836       2.09  13996   2 Discord                                                      
    252      24     5440      18428       0.03  13484   2 dllhost                                                      
   1533      63   313796      95600       3.47  12436   2 dwm                                                          
   4910     140   246384     326968       8.33  18064   2 explorer                                                     
     42       7     2256       3716       0.02   1668   0 fontdrvhost                                                  
     42       9     4444      11984       0.64   4664   2 fontdrvhost                                                  
    564      31    15832      21584       1.69   4112   0 HncUpdateService                                             
    387      27    35672      37748       0.25   8956   2 HncUpdateTray                                                
      0       0       60          8                 0   0 Idle                                                         
    144       9     1436       5316       0.00   4172   0 jhi_service                                                  
    520      27   128068     178772      10.86   9372   2 KakaoTalk                                                    
   1568      28     8624      25676       3.88   1436   0 lsass                                                        
      0       0      484      45552       1.95   2808   0 Memory Compression                                           
    305      19     6496      34572       0.67  12912   0 MoUsoCoreWorker                                              
    349      15     9752      13552       0.31   4220   0 MpDefenderCoreService                                        
    159      11     8292      19512       0.09   1936   2 msedge                                                       
    143      11     2448       9984       0.06  13252   2 msedge                                                       
    461      25    49772      45360       0.42  15564   2 msedge                                                       
   1314      53    41308     127380       2.73  15752   2 msedge                                                       
    345      22    12472      39064       0.34  15920   2 msedge                                                       
   1059      46    38792     112908       0.81   3788   2 msedgewebview2                                               
    346      23    12392      39832       0.13   7836   2 msedgewebview2                                               
    657      36    55800      66312       0.23   8368   2 msedgewebview2                                               
    162      11     8732      20724       0.05  11048   2 msedgewebview2                                               
    149      11     2408      10028       0.02  15412   2 msedgewebview2                                               
   1222      56    40540     122072       1.06  15640   2 msedgewebview2                                               
    375      27    75864     123328       0.44  16864   2 msedgewebview2                                               
    638      35    63736      63608       0.28  17160   2 msedgewebview2                                               
    405      27    13660      42620       0.25  17184   2 msedgewebview2                                               
    158      11     8644      20592       0.03  17240   2 msedgewebview2                                               
    148      10     2440       9764       0.00  17548   2 msedgewebview2                                               
    349      44   362792     413584       2.08  18148   2 msedgewebview2                                               
    903      52    25424      78932       1.00   6940   2 ms-teams                                                     
    281      22    27732      81356       0.16   1832   2 Notion                                                       
    350      35   102048     184996       1.06   3920   2 Notion                                                       
    235      23    65796      68716       0.19   4228   2 Notion                                                       
   1071      48   103336     133452       1.75   7356   2 Notion                                                       
    394      26    18096      61084       0.22   7368   2 Notion                                                       
    393      43   136084     206064       2.91   9632   2 Notion                                                       
    634      29    56632      82692       0.25  17776   2 Notion                                                       
    599      25    23708      42276       1.94   2448   0 NVDisplay.Container                                          
    794      33    31584      65476       3.08  11724   2 NVDisplay.Container                                          
    812      28    28792      45556       0.86   4156   0 OfficeClickToRun                                             
    225      13     3076      16252       0.06   8420   2 OpenConsole                                                  
   1005      85    77900     152216       0.63  12340   2 PhoneExperienceHost                                          
    543      57    62436     109476       3.64   4008   2 picpick                                                      
    819      37   128360     151564       0.95   8088   2 powershell                                                   
      0      16     8984      65552       0.56    320   0 Registry                                                     
    298      19     6716      10408       0.06   3264   0 remoting_host                                                
    490      26     9208      19952       0.59   5896   0 remoting_host                                                
    473      24    14428      13292       0.22   4196   0 RtkAudUService64                                             
    358      22     3444      15640       0.03   4912   2 RtkAudUService64                                             
    148      10     2224      10876       0.02   6468   2 RuntimeBroker                                                
    147       9     2088      10884       0.02  10072   2 RuntimeBroker                                                
    160      10     2684      13392       0.03  13624   2 RuntimeBroker                                                
    575      25     7452      45092       0.14  15252   2 RuntimeBroker                                                
    504      27     9464      49168       0.41  15964   2 RuntimeBroker                                                
    183      12     2948      16104       0.05  17376   2 RuntimeBroker                                                
    197      10     2412      11564       0.02   1108   0 SearchFilterHost                                             
    212      14     4844      12008       0.03   6812   0 SearchFilterHost                                             
    200      11     2636      11356       0.03   9792   0 SearchFilterHost                                             
    217      12     2624      11832       0.08  13084   0 SearchFilterHost                                             
   1187      57    71192     142560       1.42  14360   2 SearchHost                                                   
    747      19    13400      29416       2.09  10728   0 SearchIndexer                                                
    378      14     2880      15264       0.31   5292   0 SearchProtocolHost                                           
    599      23     8460      25760       0.92   7784   0 SecurityHealthService                                        
    190      11     2104      13632       0.03  13168   2 SecurityHealthSystray                                        
    749      16     6628      10780       2.05   1416   0 services                                                     
    518      26    43196      59308       0.23   3680   2 ShellHost                                                    
    816      27     8744      51472       1.02   3528   2 sihost                                                       
    188      11     3192      13824       0.09   9596   2 smartscreen                                                  
     58       4     1228       1056       0.22    984   0 smss                                                         
    126      10     1992       9756       0.03  11148   2 splwow64                                                     
    451      23     6472      14640       0.23   3616   0 spoolsv                                                      
    246      12     8232      19228       0.36   7860   0 sppsvc                                                       
    332      16     3536      10636       0.13   4204   0 StarPlayerAgent64                                            
    388      22     4240      21248       0.09   9152   2 StarPlayerAgent64                                            
    398      22     4348      21744       0.13  14496   2 StarPlayerAgent64                                            
   1253      54    86044     152364       1.53  18216   2 StartMenuExperienceHost                                      
    245      14     3420       9836       0.11    964   0 svchost                                                      
    368      22     6908      17068       0.94   1020   0 svchost                                                      
    346      11     2756      13212       0.06   1076   0 svchost                                                      
    237      12     3088      11692       0.08   1080   0 svchost                                                      
   1386      37    12876      38416       2.20   1636   0 svchost                                                      
   1335      22     8516      16216       5.14   1760   0 svchost                                                      
    401      14     3764      11832       0.38   1808   0 svchost                                                      
    308      14     3772      19728       0.52   2060   0 svchost                                                      
    125      11     1728       5108       0.02   2076   0 svchost                                                      
    160      28     5428       8468       0.22   2124   0 svchost                                                      
    245      13     8872      20488       0.41   2180   0 svchost                                                      
    168      11     2196       7884       0.55   2204   0 svchost                                                      
   1241      36    10576      19076       1.06   2256   0 svchost                                                      
    174       7     1756       5436       0.19   2296   0 svchost                                                      
    162      11     2452       8084       0.16   2408   0 svchost                                                      
    355      20     6548      11476      82.23   2580   0 svchost                                                      
    412      14    20104      26368       0.73   2604   0 svchost                                                      
    234       8     1592       4984       0.13   2660   0 svchost                                                      
    257      14     3192      18992       5.16   2668   0 svchost                                                      
    193      11     2336       7948       0.06   2676   0 svchost                                                      
    202      14     2532       9676       0.06   2856   0 svchost                                                      
    367      18     4452       8732       0.86   3012   0 svchost                                                      
    264      12     2692       8852       0.39   3044   0 svchost                                                      
    312      16     4192      10108       0.59   3160   0 svchost                                                      
    424      15     4068      18960       1.28   3184   0 svchost                                                      
    165      10     1804       7456       0.08   3276   0 svchost                                                      
    377      29     5576      15772       0.23   3312   0 svchost                                                      
    504      18     4372      10168       0.13   3364   0 svchost                                                      
    158      10     2268       6212       0.06   3380   0 svchost                                                      
    256      16     3480      13340       0.23   3452   0 svchost                                                      
    220      13     2592      13528       0.02   3648   0 svchost                                                      
    486      36    13980      21340       1.27   3668   0 svchost                                                      
    365      11    20716      29808       3.56   3748   0 svchost                                                      
    201      11     2228       7108       0.06   3756   0 svchost                                                      
    139       9     1932       6512       0.03   3940   0 svchost                                                      
    412      26    15860      25980       2.02   4100   0 svchost                                                      
    819      29    29104      48804       3.23   4120   0 svchost                                                      
    404      24     3448      10388       0.08   4148   0 svchost                                                      
    142       8     1516       4800       0.00   4236   0 svchost                                                      
    526      21    13484      23128       1.77   4296   0 svchost                                                      
    137       9     1952       6740       0.02   4332   0 svchost                                                      
    454      22     5460      22364       0.23   4344   0 svchost                                                      
    421      25     3896      17392       0.09   4508   0 svchost                                                      
    228      13     2804       8744       0.06   4612   0 svchost                                                      
    159       9     2096      10420       0.02   5036   0 svchost                                                      
    277      14     7756      12060       0.55   5128   0 svchost                                                      
    291      16     4396      29452       0.09   5164   2 svchost                                                      
    498      22     5868      34896       0.17   5324   0 svchost                                                      
    197      12     1840       9992       0.00   5552   0 svchost                                                      
    156      43     1988      10024       0.03   6364   0 svchost                                                      
    145       9     1700       8884       0.02   6836   0 svchost                                                      
    304      14     4140      16104       2.39   6968   0 svchost                                                      
    223      19    10116      23624       0.22   6976   0 svchost                                                      
    353      17     4932      21788       1.09   7212   0 svchost                                                      
    233      11     2848       7912       0.02   7320   0 svchost                                                      
    446      24     6256      20532       0.14   7608   0 svchost                                                      
    243      13     2656      12788       0.66   8076   0 svchost                                                      
    133       9     1796       8940       0.03   9456   0 svchost                                                      
    255      16     4308      12976       0.31   9548   0 svchost                                                      
    215      13     3272      13496       0.27   9560   0 svchost                                                      
    443      21     7468      30732       0.59  10044   0 svchost                                                      
    122       9     1676       7904       0.00  10212   0 svchost                                                      
    463      20     4828      21344       0.31  10720   0 svchost                                                      
    243      15     3840      12456       0.17  12008   0 svchost                                                      
    193      10     2676      14536       0.05  12820   0 svchost                                                      
    189       9     2172      10184       0.05  13244   0 svchost                                                      
    338      13     3120       8284       0.03  13300   0 svchost                                                      
    430      22   150684     169132       1.11  13328   0 svchost                                                      
    269      17     3960      19064       0.27  13740   0 svchost                                                      
    146       9     3656      11732       0.02  13852   0 svchost                                                      
    265      10     2332      10688       0.03  14108   0 svchost                                                      
    143       9     1868       9056       0.03  14616   0 svchost                                                      
    398      17     5200      24392       0.06  14668   2 svchost                                                      
    452      20     9004      40968       0.44  14924   2 svchost                                                      
    160      10     2524      11464       0.02  15016   2 svchost                                                      
    173      11     2664      13144       0.00  15128   0 svchost                                                      
    434      30    11532      26956       0.27  17704   0 svchost                                                      
    243      12     3764      22316       0.03  17976   2 svchost                                                      
   5331       0       44       1232      63.98      4   0 System                                                       
    205      14     2728      14304       0.06  15840   2 taskhostw                                                    
   1894     104   121220     194928       1.27  16044   2 TextInputHost                                                
    590      34    78736      96476       0.77  15848   2 TG_PowerCon                                                  
    216      14     6420      19020       0.91   5284   0 TiWorker                                                     
    148      10     2000      10260       0.05   3396   0 TrustedInstaller                                             
    144      10     1720       7428       0.06  12140   0 unsecapp                                                     
    166      14     2524       6056       0.19   4276   0 vmnat                                                        
     99      10     7876       4492       0.02   4252   0 vmnetdhcp                                                    
    229      16     4148       8700       0.05   4760   0 vmware-authd                                                 
    205      19     4412      14692       0.02   2976   2 vmware-tray                                                  
    237      14     3132      10476       0.06   4788   0 vmware-usbarbitrator64                                       
    254      15     3616      24168       0.08   7568   2 Widgets                                                      
    831      37    67592      99288       0.72  13720   2 WindowsTerminal                                              
    171      13     2180       6736       0.06   1332   0 wininit                                                      
    294      15     3308      22744       0.11  16792   2 winlogon                                                     
    190      13     3688      11028       0.14   5916   0 WmiPrvSE                                                     
    444      21    10832      23952       3.38   6324   0 WmiPrvSE                                                     
    174      11     3016      12360       0.03  15336   0 WmiPrvSE                                                     
    268      14     2960       9440       0.06   4316   0 WMIRegistrationService                                       


